0.832909122935104
4.33073334028633
1.02961941718116
1.87180217690159
2.11625551480255
4.40671924726425
0.832909122935104
-0.693147180559945
3.49650756146648
2.70136121295141
2.04122032885964
1.16315080980568
1.02961941718116
2.17475172148416
1.80828877117927
2.63905732961526
1.43508452528932
2.26176309847379
1.82454929205105
1.25276296849537
1.1314021114911
0.182321556793955
-0.105360515657826
2.39789527279837
0
3.43398720448515
3.73766961828337
0.53062825106217
1.09861228866811
2.2512917986065
3.43398720448515
0.405465108108164
-0.22314355131421
1.3609765531356
-2.30258509299405
-0.356674943938732
0.993251773010283
2.70805020110221
3.66356164612965
4.11087386417331
1.48160454092422
0.955511445027436
1.58923520511658
2.30258509299405
-0.22314355131421
1.3609765531356
2.70805020110221
0.336472236621213
0.0953101798043249
0.832909122935104
1.82454929205105
1.30833281965018
-0.105360515657826
3.8286413964891
1.54756250871601
2.11625551480255
4.06044301054642
0.693147180559945
4.23410650459726
0.405465108108164
2.39789527279837
0.741937344729377
0.741937344729377
-0.22314355131421
4.11087386417331
2.01490302054226
2.27212588550934
1.79175946922805
-0.916290731874155
2.39789527279837
0.470003629245736
0.182321556793955
2.2512917986065
-0.916290731874155
-0.916290731874155
2.63905732961526
2.70805020110221
-0.22314355131421
1.3609765531356
2.12823170584927
5.7037824746562
1.06471073699243
1.80828877117927
4.23410650459726
2.28238238567653
1.66770682055808
2.484906649788
3.04452243772342
2.17475172148416
0.336472236621213
0.0953101798043249
1.68639895357023
2.83321334405622
1.48160454092422
2.39789527279837
1.02961941718116
1.16315080980568
2.32238772029023
0.832909122935104
1.22377543162212
2.02814824729229
2.2082744135228
-1.20397280432594
0.0953101798043249
-0.105360515657826
1.87180217690159
2.70805020110221
1.02961941718116
-0.916290731874155
0.993251773010283
0.916290731874155
2.63905732961526
1.62924053973028
1.16315080980568
3.2188758248682
1.85629799036563
1.91692261218206
0
-0.105360515657826
-0.693147180559945
2.484906649788
0.587786664902119
4.70048036579242
2.56494935746154
1.30833281965018
0
0.53062825106217
-0.356674943938732
2.19722457733622
3.17805383034795
-1.6094379124341
0
0.336472236621213
1.50407739677627
0.0953101798043249
-0.693147180559945
1.38629436111989
1.66770682055808
4.60517018598809
4.02535169073515
0.53062825106217
1.16315080980568
1.64865862558738
0.78845736036427
-0.916290731874155
0.832909122935104
-0.916290731874155
2.37954613413017
2.63188884013665
-2.30258509299405
-2.30258509299405
-2.30258509299405
-2.30258509299405
-2.30258509299405
-2.30258509299405
-2.30258509299405
-1.6094379124341
-1.6094379124341
-1.20397280432594
-1.20397280432594
-1.20397280432594
-1.20397280432594
1.64865862558738
2.16332302566054
0.53062825106217
1.52605630349505
-0.510825623765991
-0.510825623765991
2.07944154167984
0.693147180559945
2.99573227355399
0.693147180559945
0
1.38629436111989
0
0
0.693147180559945
1.6094379124341
0
1.09861228866811
1.09861228866811
1.38629436111989
1.09861228866811
1.38629436111989
1.38629436111989
1.94591014905531
1.6094379124341
1.38629436111989
1.6094379124341
-2.30258509299405
1.94591014905531
2.07944154167984
2.56494935746154
2.484906649788
0.693147180559945
2.19722457733622
2.30258509299405
1.09861228866811
1.09861228866811
0
1.70474809223843
2.39789527279837
1.45861502269952
0
-0.510825623765991
1.7227665977411
-0.22314355131421
1.22377543162212
2.56494935746154
0.405465108108164
0.262364264467491
1.79175946922805
0.0953101798043249
-1.20397280432594
-0.22314355131421
-0.22314355131421
2.56494935746154
-0.356674943938732
2.484906649788
1.52605630349505
0.336472236621213
1.22377543162212
1.68639895357023
1.88706964903238
-0.510825623765991
1.06471073699243
0
0.262364264467491
2.14006616349627
0.955511445027436
-0.105360515657826
0.53062825106217
-0.356674943938732
2.06686275947298
2.10413415427021
1.28093384546206
-0.22314355131421
0.0953101798043249
-0.510825623765991
-0.693147180559945
-0.356674943938732
-0.510825623765991
0.641853886172395
0.262364264467491
0.0953101798043249
0.693147180559945
2.43361335540045
1.30833281965018
-0.916290731874155
0.993251773010283
0.405465108108164
0.832909122935104
0.182321556793955
0
3.3322045101752
0.262364264467491
0.78845736036427
4.86753445045558
2.83321334405622
2.83321334405622
-0.510825623765991
-0.510825623765991
0.78845736036427
1.77495235091167
-0.916290731874155
1.94591014905531
-0.693147180559945
-0.22314355131421
-0.356674943938732
-0.105360515657826
-0.356674943938732
1.02961941718116
1.1314021114911
2.484906649788
-0.510825623765991
0.741937344729377
0.587786664902119
1.02961941718116
1.25276296849537
2.14006616349627
0.470003629245736
0.470003629245736
1.1314021114911
2.39789527279837
0.336472236621213
1.75785791755237
1.28093384546206
-0.22314355131421
1.64865862558738
-0.356674943938732
1.79175946922805
0.182321556793955
3.36729582998647
2.39789527279837
3.36729582998647
2.16332302566054
-0.356674943938732
3.61091791264422
2.07944154167984
1.6094379124341
2.28238238567653
-2.30258509299405
-0.22314355131421
-0.693147180559945
1.54756250871601
0.336472236621213
1.38629436111989
0.587786664902119
-1.20397280432594
-0.916290731874155
0.405465108108164
-0.22314355131421
-0.916290731874155
0.693147180559945
0.405465108108164
0
-0.22314355131421
-1.20397280432594
-0.510825623765991
-1.20397280432594
-0.22314355131421
-0.510825623765991
-0.693147180559945
-0.510825623765991
0.262364264467491
0.741937344729377
0.693147180559945
0.262364264467491
0.262364264467491
-0.356674943938732
0.0953101798043249
-0.916290731874155
0
-0.105360515657826
0.0953101798043249
-0.916290731874155
-0.916290731874155
-0.22314355131421
1.09861228866811
1.48160454092422
1.28093384546206
1.50407739677627
0.832909122935104
-2.30258509299405
-2.30258509299405
-2.30258509299405
-2.30258509299405
-2.30258509299405
-1.20397280432594
0
-0.105360515657826
0
-1.6094379124341
-0.356674943938732
-1.6094379124341
0
-2.30258509299405
-1.20397280432594
-1.6094379124341
0
-1.20397280432594
-0.510825623765991
-1.20397280432594
0.587786664902119
1.16315080980568
0.916290731874155
-0.22314355131421
2.05412373369555
-0.510825623765991
1.06471073699243
1.25276296849537
1.3609765531356
2.29253475714054
2.39789527279837
0.587786664902119
2.12823170584927
3.04452243772342
3.87120101090789
1.52605630349505
2.89037175789616
-2.30258509299405
-2.30258509299405
-2.30258509299405
-2.30258509299405
-2.30258509299405
-0.916290731874155
0.0953101798043249
-0.105360515657826
0
0
-0.105360515657826
1.3609765531356
-0.356674943938732
-0.22314355131421
-0.693147180559945
-0.22314355131421
0.470003629245736
-1.6094379124341
-0.916290731874155
-0.22314355131421
-1.20397280432594
0.470003629245736
1.45861502269952
-1.20397280432594
-0.693147180559945
0.0953101798043249
-0.510825623765991
-0.105360515657826
-0.22314355131421
-0.916290731874155
0.336472236621213
-2.30258509299405
-0.693147180559945
1.45861502269952
-0.510825623765991
0
-0.510825623765991
-0.693147180559945
-0.693147180559945
0.262364264467491
0.993251773010283
1.16315080980568
0.741937344729377
-0.916290731874155
-1.20397280432594
0.182321556793955
-0.693147180559945
1.82454929205105
-0.105360515657826
1.22377543162212
-0.105360515657826
-0.510825623765991
-0.356674943938732
0.0953101798043249
-0.22314355131421
-0.510825623765991
0.182321556793955
1.09861228866811
-0.22314355131421
-0.693147180559945
1.79175946922805
0.262364264467491
0.470003629245736
-0.22314355131421
-0.510825623765991
2.63905732961526
1.68639895357023
0
0
0.182321556793955
-0.22314355131421
1.7227665977411
1.56861591791385
0.641853886172395
-0.916290731874155
0.0953101798043249
-0.693147180559945
-0.916290731874155
0.832909122935104
-0.510825623765991
-0.510825623765991
0
0.741937344729377
0.405465108108164
0.182321556793955
0.262364264467491
1.58923520511658
1.41098697371026
1.84054963339749
0.53062825106217
1.68639895357023
2.15176220325946
2.34180580614733
4.16044436392662
3.13549421592915
4.77153172320332
3.43720781918519
3.74950407593037
3.46573590279973
3.3357695763397
2.94443897916644
3.03974915897077
4.30406509320417
5.53022242353082
0.470003629245736
3.21084365317094
0.832909122935104
0.470003629245736
0.78845736036427
2.52572864430826
3.75185425327532
3.68887945411394
1.52605630349505
3.67630067190708
3.96461545554732
-0.916290731874155
-1.6094379124341
1.43508452528932
1.22377543162212
1.45861502269952
0
-0.22314355131421
-0.105360515657826
-0.22314355131421
-0.22314355131421
-0.693147180559945
0
0.336472236621213
0
-0.916290731874155
-0.693147180559945
2.05412373369555
2.70805020110221
-0.356674943938732
-0.22314355131421
2.89037175789616
0.182321556793955
3.78418963391826
2.56494935746154
1.02961941718116
-0.510825623765991
1.1314021114911
3.29583686600433
0.587786664902119
0
1.33500106673234
-1.20397280432594
-0.510825623765991
0
1.58923520511658
0.336472236621213
-0.356674943938732
2.94443897916644
-0.356674943938732
-0.356674943938732
-0.356674943938732
-0.510825623765991
-0.356674943938732
-0.105360515657826
0.405465108108164
0.0953101798043249
0.182321556793955
-0.22314355131421
-1.20397280432594
0.405465108108164
4.18965474202643
-0.356674943938732
0.182321556793955
0.182321556793955
-0.510825623765991
-0.510825623765991
4.88280192258637
2.77258872223978
-0.356674943938732
1.79175946922805
1.30833281965018
3.2188758248682
-0.105360515657826
2.21920348405499
0.405465108108164
-0.916290731874155
-0.510825623765991
-0.356674943938732
-0.510825623765991
-0.105360515657826
0.405465108108164
-0.510825623765991
-0.916290731874155
-0.693147180559945
-0.916290731874155
-0.693147180559945
-1.6094379124341
0
-0.693147180559945
-0.356674943938732
-0.693147180559945
-0.916290731874155
-1.6094379124341
-0.916290731874155
0.0953101798043249
-0.356674943938732
-0.22314355131421
-0.693147180559945
-0.693147180559945
-0.916290731874155
-1.20397280432594
-0.510825623765991
-0.356674943938732
-0.356674943938732
-0.22314355131421
-0.693147180559945
-0.693147180559945
-1.20397280432594
-0.356674943938732
-1.20397280432594
-0.510825623765991
-0.510825623765991
-0.356674943938732
-0.916290731874155
-0.22314355131421
-0.916290731874155
0.0953101798043249
-0.916290731874155
-0.356674943938732
0.0953101798043249
-0.693147180559945
-1.6094379124341
-0.693147180559945
-0.916290731874155
-1.20397280432594
-0.916290731874155
-1.20397280432594
-0.693147180559945
-0.356674943938732
-1.20397280432594
-0.916290731874155
-0.356674943938732
-0.510825623765991
-0.693147180559945
-0.916290731874155
-0.510825623765991
-0.693147180559945
1.68639895357023
0.0953101798043249
3.04452243772342
2.07944154167984
3.52636052461616
3.52636052461616
1.43508452528932
2.39789527279837
1.80828877117927
0.336472236621213
-0.356674943938732
3.04452243772342
4.95582705760126
1.02961941718116
0.587786664902119
1.3609765531356
2.2082744135228
1.79175946922805
3.61091791264422
2.56494935746154
1.50407739677627
2.16332302566054
2.04122032885964
2.27212588550934
1.7404661748405
3.04452243772342
4.23410650459726
1.93152141160321
3.14845336057165
2.79116510781272
2.43361335540045
2.80336038090653
0.0953101798043249
2.29253475714054
1.56861591791385
3.43398720448515
3.87120101090789
1.6094379124341
1.1314021114911
3.29583686600433
-0.693147180559945
0.78845736036427
1.33500106673234
-0.22314355131421
-0.510825623765991
1.64865862558738
-1.6094379124341
0.0953101798043249
-0.105360515657826
-0.105360515657826
-0.510825623765991
1.93152141160321
4.98360662170834
3.78418963391826
3.61091791264422
0.182321556793955
1.25276296849537
-0.22314355131421
5.23110861685459
3.76120011569356
-0.356674943938732
-0.356674943938732
0.78845736036427
-0.356674943938732
-0.510825623765991
0.8754687373539
1.84054963339749
1.70474809223843
-0.916290731874155
-0.105360515657826
-0.916290731874155
0.336472236621213
-0.510825623765991
-0.916290731874155
0.405465108108164
-0.693147180559945
0.641853886172395
-0.693147180559945
1.80828877117927
-0.693147180559945
2.56494935746154
1.43508452528932
-0.916290731874155
-0.105360515657826
2.63905732961526
0.741937344729377
-0.22314355131421
-1.20397280432594
3.17805383034795
-0.356674943938732
-1.6094379124341
-0.510825623765991
-0.356674943938732
0.53062825106217
-0.693147180559945
0.78845736036427
0
0.470003629245736
0.0953101798043249
0.0953101798043249
-1.20397280432594
0.470003629245736
0.0953101798043249
0.182321556793955
-0.105360515657826
1.88706964903238
-0.356674943938732
2.63905732961526
5.7037824746562
-0.22314355131421
2.94443897916644
-0.356674943938732
5.99146454710798
3.2188758248682
3.52636052461616
3.68887945411394
1.3609765531356
1.33500106673234
1.6094379124341
-0.916290731874155
3.04452243772342
-1.20397280432594
-0.105360515657826
1.66770682055808
2.05412373369555
2.05412373369555
0.916290731874155
-0.510825623765991
0.53062825106217
-1.6094379124341
-0.22314355131421
-0.916290731874155
-0.105360515657826
-0.693147180559945
-0.356674943938732
2.63905732961526
0.262364264467491
1.52605630349505
3.49650756146648
-0.356674943938732
1.52605630349505
2.26176309847379
3.09104245335832
2.70805020110221
0.955511445027436
