3.48737507790321
4.87519732320115
2.484906649788
0.741937344729377
4.60517018598809
5.99146454710798
2.484906649788
-0.693147180559945
2.94443897916644
3.10458667846607
4.24276456734037
3.72569342723665
3.88977739648083
2.24070968927596
3.3322045101752
3.71357206670431
3.22684399451738
2.89037175789616
2.484906649788
1.48160454092422
2.16332302566054
-0.356674943938732
0.182321556793955
2.99573227355399
4.46590811865458
5.29831736654804
3.04452243772342
1.19392246847243
3.55534806148941
2.10413415427021
4.07753744390572
0
-0.22314355131421
3.00568260440716
0
5.04857313343665
-0.22314355131421
3.17805383034795
3.2188758248682
2.89037175789616
3.66356164612965
3.04452243772342
1.64865862558738
3.8286413964891
2.89037175789616
0.0953101798043249
0.0953101798043249
0.832909122935104
3.2188758248682
0.182321556793955
0
1.09861228866811
-0.22314355131421
1.84054963339749
1.6094379124341
1.88706964903238
0
3.8286413964891
3.2188758248682
2.77258872223978
3.73766961828337
3.17805383034795
3.04452243772342
2.11625551480255
3.73766961828337
2.484906649788
3.10009228887823
1.16315080980568
3.63758615972639
3.25809653802148
3.04452243772342
3.89182029811063
2.11625551480255
2.77258872223978
2.09186406167839
0.641853886172395
-0.356674943938732
3.87120101090789
-0.22314355131421
3.3322045101752
0.336472236621213
1.19392246847243
0.693147180559945
1.79175946922805
3.8286413964891
-0.510825623765991
-0.693147180559945
3.49650756146648
3.04452243772342
2.94443897916644
0.405465108108164
3.55534806148941
-0.510825623765991
1.7227665977411
1.56861591791385
2.70805020110221
2.89037175789616
1.48160454092422
2.23001440015921
4.83628190695148
-0.105360515657826
2.56494935746154
2.17475172148416
0.693147180559945
5.99146454710798
2.24070968927596
2.83321334405622
0
2.94443897916644
3.04452243772342
2.52572864430826
3.49650756146648
2.04122032885964
2.01490302054226
3.92592591059714
2.11625551480255
0.993251773010283
3.58073729549423
2.84490938381941
-0.105360515657826
0.78845736036427
3.17805383034795
1.02961941718116
2.39789527279837
3.46573590279973
0.587786664902119
2.00148000021012
-0.105360515657826
-0.22314355131421
-1.20397280432594
2.09186406167839
1.79175946922805
3.89182029811063
3.1267605359604
-0.916290731874155
3.12236492448736
1.6094379124341
2.63905732961526
0
2.30258509299405
0.336472236621213
1.66770682055808
0.182321556793955
0.8754687373539
-1.20397280432594
3.04452243772342
2.63905732961526
5.99146454710798
3.40119738166216
0.262364264467491
2.26176309847379
0.336472236621213
0.53062825106217
1.25276296849537
0.182321556793955
0.641853886172395
5.99146454710798
5.99146454710798
1.30833281965018
-0.105360515657826
0.405465108108164
0.470003629245736
2.77258872223978
-0.510825623765991
-0.510825623765991
2.77258872223978
2.484906649788
2.56494935746154
2.2082744135228
2.30258509299405
1.85629799036563
3.01062088604774
1.48160454092422
-0.105360515657826
0.182321556793955
-0.105360515657826
3.47196645255036
3.50254987592244
0.741937344729377
1.80828877117927
1.1314021114911
0.336472236621213
1.84054963339749
1.68639895357023
2.02814824729229
2.01490302054226
1.70474809223843
0
2.60268968544438
0.182321556793955
0.262364264467491
3.89182029811063
3.97029191355212
3.17805383034795
0.993251773010283
1.25276296849537
-0.22314355131421
0
0
0.693147180559945
3.29583686600433
1.09861228866811
0.693147180559945
1.94591014905531
2.30258509299405
1.79175946922805
0.693147180559945
2.30258509299405
0.693147180559945
2.07944154167984
1.38629436111989
2.83321334405622
2.56494935746154
2.77258872223978
2.70805020110221
2.30258509299405
2.39789527279837
2.56494935746154
2.83321334405622
0.693147180559945
3.3322045101752
2.94443897916644
3.55534806148941
3.91202300542815
3.71357206670431
4.12713438504509
3.13549421592915
2.83321334405622
4.35670882668959
1.38629436111989
1.84054963339749
0.693147180559945
2.89037175789616
0.262364264467491
-0.105360515657826
-0.356674943938732
3.46573590279973
-0.693147180559945
2.99573227355399
2.77258872223978
0.405465108108164
1.6094379124341
2.06686275947298
1.6094379124341
-0.510825623765991
0.405465108108164
0
2.17475172148416
-0.510825623765991
2.484906649788
2.26176309847379
0.8754687373539
2.99573227355399
1.50407739677627
0.916290731874155
-0.693147180559945
3.22684399451738
3.54385368206368
3.25037449192757
2.76000994003292
3.54095932403731
2.74727091425549
2.32238772029023
2.53369681395743
2.36085400111802
1.91692261218206
2.75366071235426
2.16332302566054
1.91692261218206
1.96009478404727
0.587786664902119
5.04985600724954
2.83321334405622
0.0953101798043249
2.19722457733622
2.83321334405622
4.06044301054642
2.99573227355399
2.70805020110221
0.262364264467491
0
0
-0.356674943938732
-0.105360515657826
-0.356674943938732
1.02961941718116
1.16315080980568
0.955511445027436
1.66770682055808
0.0953101798043249
1.3609765531356
0.262364264467491
1.64865862558738
1.75785791755237
2.12823170584927
0.53062825106217
0.832909122935104
1.91692261218206
1.25276296849537
2.484906649788
3.2188758248682
4.36944785246702
3.93182563272433
-0.22314355131421
-0.510825623765991
2.83321334405622
3.66356164612965
-1.20397280432594
3.2188758248682
-0.356674943938732
-0.105360515657826
0.182321556793955
0.0953101798043249
1.22377543162212
2.39789527279837
2.63905732961526
3.68887945411394
-0.105360515657826
3.17805383034795
2.39789527279837
2.77258872223978
2.04122032885964
3.36729582998647
2.94443897916644
2.39789527279837
2.89037175789616
2.99573227355399
1.02961941718116
2.00148000021012
2.09186406167839
0.0953101798043249
4.29045944114839
0
3.09104245335832
0.405465108108164
3.97029191355212
4.06044301054642
1.88706964903238
5.23377884541047
0
2.99573227355399
4.93447393313069
2.09186406167839
2.39789527279837
0.916290731874155
-0.22314355131421
-0.105360515657826
1.50407739677627
0.262364264467491
3.40119738166216
-0.105360515657826
-0.916290731874155
0
0.182321556793955
0.0953101798043249
0.0953101798043249
-0.916290731874155
-0.693147180559945
0.336472236621213
-0.22314355131421
0.336472236621213
-0.105360515657826
-0.22314355131421
0.182321556793955
-0.22314355131421
-0.916290731874155
-0.105360515657826
-0.693147180559945
-0.22314355131421
-0.510825623765991
-0.22314355131421
-0.693147180559945
-0.22314355131421
-1.20397280432594
-0.22314355131421
-0.105360515657826
-0.693147180559945
-0.22314355131421
-0.356674943938732
-0.356674943938732
-0.22314355131421
-0.22314355131421
0.262364264467491
0.336472236621213
0.0953101798043249
0.641853886172395
-0.105360515657826
0
-0.105360515657826
0.336472236621213
0
0.0953101798043249
-0.916290731874155
0.641853886172395
0.53062825106217
-0.356674943938732
-1.20397280432594
-0.693147180559945
0.182321556793955
1.02961941718116
1.3609765531356
1.28093384546206
1.43508452528932
1.30833281965018
0.405465108108164
0.916290731874155
0.832909122935104
1.09861228866811
1.06471073699243
-0.916290731874155
0.0953101798043249
0.53062825106217
0
-2.30258509299405
-0.510825623765991
-1.20397280432594
0
-2.30258509299405
0
-1.20397280432594
0
-2.30258509299405
0.182321556793955
-2.30258509299405
1.82454929205105
1.62924053973028
0.8754687373539
0.182321556793955
-0.510825623765991
0.262364264467491
0.955511445027436
1.25276296849537
3.43720781918519
3.38099467434464
5.19295685089021
0.405465108108164
1.16315080980568
0.470003629245736
0.8754687373539
0.741937344729377
0.182321556793955
0.470003629245736
0.955511445027436
0.832909122935104
1.1314021114911
1.09861228866811
-0.693147180559945
0.0953101798043249
0.53062825106217
-0.510825623765991
-0.22314355131421
0.8754687373539
2.10413415427021
0
-0.105360515657826
0.0953101798043249
0.262364264467491
3.29583686600433
1.43508452528932
-0.916290731874155
0
2.484906649788
0.587786664902119
0.955511445027436
-0.693147180559945
-0.22314355131421
1.02961941718116
0.182321556793955
-0.22314355131421
-0.916290731874155
-0.22314355131421
0.832909122935104
-2.30258509299405
-0.916290731874155
3.17805383034795
-0.356674943938732
0.641853886172395
-0.356674943938732
-1.20397280432594
-0.510825623765991
1.22377543162212
1.64865862558738
1.52605630349505
2.05412373369555
-0.693147180559945
-0.916290731874155
0.955511445027436
-0.105360515657826
0.262364264467491
-0.105360515657826
2.2082744135228
0.262364264467491
-0.356674943938732
0
0.0953101798043249
0
0.470003629245736
2.83907846350861
1.45861502269952
0.262364264467491
-0.356674943938732
2.35137525716348
0.262364264467491
1.64865862558738
-0.510825623765991
0
1.91692261218206
2.24070968927596
1.97408102602201
0.741937344729377
0.587786664902119
0
5.01063529409626
3.97029191355212
0.405465108108164
-0.916290731874155
-0.356674943938732
-0.510825623765991
-0.105360515657826
2.83321334405622
-0.22314355131421
0.0953101798043249
3.15273602236366
0.916290731874155
3.44680789291421
0.587786664902119
1.25276296849537
3.19867311755068
2.12823170584927
2.01490302054226
0.182321556793955
0.262364264467491
1.41098697371026
2.37024374146786
4.1415461637064
3.74478708605223
3.18635263316264
3.28840188751681
4.36054760299676
4.05698877567833
3.96271611974366
3.71357206670431
3.63758615972639
4.52287494326126
5.99146454710798
0.262364264467491
2.15176220325946
0.641853886172395
1.16315080980568
0.336472236621213
3.5234150143864
3.51452606696916
2.81540871942271
1.84054963339749
4.37197629882038
3.72569342723665
0.993251773010283
3.23080439573347
1.80828877117927
1.80828877117927
0.470003629245736
3.08648663682246
1.56861591791385
0
0
-0.22314355131421
-0.356674943938732
-0.105360515657826
1.28093384546206
0.336472236621213
0.470003629245736
0
0.0953101798043249
3.71357206670431
0
0.78845736036427
4.48863636973214
1.06471073699243
3.2188758248682
4.34380542185368
3.49650756146648
-0.22314355131421
2.30258509299405
3.04452243772342
0.470003629245736
0.405465108108164
3.49650756146648
2.56494935746154
3.3322045101752
5.18178355029209
4.62497281328427
-0.105360515657826
0.587786664902119
0.587786664902119
-0.356674943938732
0.0953101798043249
2.30258509299405
-0.916290731874155
0
0.182321556793955
4.30406509320417
1.75785791755237
-0.22314355131421
3.61091791264422
-0.356674943938732
0
-0.356674943938732
-0.356674943938732
-0.356674943938732
-0.105360515657826
0.182321556793955
0
-0.22314355131421
-0.22314355131421
-0.916290731874155
0.405465108108164
5.99146454710798
-0.356674943938732
0.641853886172395
0.470003629245736
-0.22314355131421
-0.22314355131421
3.2188758248682
1.7404661748405
-0.356674943938732
2.39789527279837
2.77258872223978
3.80666248977032
0.182321556793955
2.89037175789616
1.19392246847243
-0.356674943938732
-0.510825623765991
-0.22314355131421
-0.510825623765991
0.0953101798043249
0.53062825106217
-0.916290731874155
-0.916290731874155
-0.356674943938732
-0.916290731874155
-0.916290731874155
-1.20397280432594
-0.510825623765991
-0.916290731874155
0
-0.22314355131421
-0.916290731874155
-1.6094379124341
-1.20397280432594
0
-0.22314355131421
-0.22314355131421
-1.6094379124341
-0.105360515657826
-1.20397280432594
-1.6094379124341
-0.356674943938732
-0.510825623765991
-0.22314355131421
0
-0.510825623765991
-0.510825623765991
-0.916290731874155
-0.22314355131421
-1.20397280432594
-0.693147180559945
-0.916290731874155
-0.22314355131421
-0.916290731874155
-0.510825623765991
-0.693147180559945
-0.510825623765991
-0.510825623765991
-0.356674943938732
0.262364264467491
-0.693147180559945
-1.6094379124341
-0.510825623765991
-0.693147180559945
-1.20397280432594
-1.20397280432594
-0.916290731874155
-0.693147180559945
-0.22314355131421
-0.510825623765991
-0.916290731874155
-0.916290731874155
-0.510825623765991
-0.510825623765991
-0.693147180559945
-0.510825623765991
-0.356674943938732
1.97408102602201
0.832909122935104
3.97029191355212
2.09186406167839
2.56494935746154
0.262364264467491
2.30258509299405
3.43398720448515
3.66356164612965
1.19392246847243
3.36729582998647
3.3322045101752
2.39789527279837
3.49650756146648
3.68637632389582
2.58021682959233
3.01553490085017
5.00930107108312
4.06044301054642
1.7227665977411
2.11625551480255
2.39789527279837
2.99573227355399
3.09104245335832
3.63758615972639
2.12823170584927
3.58351893845611
0.0953101798043249
3.04452243772342
3.36729582998647
0.182321556793955
-0.22314355131421
2.28238238567653
-0.693147180559945
0
-0.356674943938732
-0.356674943938732
-0.105360515657826
2.63905732961526
3.25809653802148
5.99146454710798
2.89037175789616
1.02961941718116
3.40119738166216
-0.105360515657826
3.43398720448515
2.94443897916644
0.741937344729377
-0.22314355131421
2.63905732961526
-0.916290731874155
-0.510825623765991
2.56494935746154
3.78418963391826
2.484906649788
-1.20397280432594
-0.22314355131421
-0.105360515657826
1.79175946922805
-0.510825623765991
-0.693147180559945
1.56861591791385
-0.22314355131421
2.04122032885964
-0.356674943938732
5.0998664278242
-0.916290731874155
3.76120011569356
2.484906649788
-0.916290731874155
1.02961941718116
1.94591014905531
1.19392246847243
-0.22314355131421
-1.20397280432594
4.48863636973214
-0.356674943938732
-0.916290731874155
0
0.182321556793955
-0.693147180559945
0.832909122935104
0.832909122935104
0.336472236621213
1.41098697371026
0.470003629245736
0.0953101798043249
-0.510825623765991
1.93152141160321
1.38629436111989
1.25276296849537
0.182321556793955
2.39789527279837
0.182321556793955
4.9416424226093
4.12713438504509
0.470003629245736
2.70805020110221
0.587786664902119
3.49650756146648
3.17805383034795
3.13549421592915
2.24070968927596
1.87180217690159
2.21920348405499
2.29253475714054
-0.916290731874155
3.43398720448515
-0.916290731874155
-0.22314355131421
3.17805383034795
3.04452243772342
3.04452243772342
2.26176309847379
-0.510825623765991
0.336472236621213
-1.20397280432594
-0.356674943938732
-0.693147180559945
-0.105360515657826
0
-0.510825623765991
3.73766961828337
1.52605630349505
1.90210752639692
2.99573227355399
-0.105360515657826
2.06686275947298
3.73766961828337
2.70805020110221
3.61091791264422
1.43508452528932
