3.15273602236366
3.91202300542815
4.60517018598809
1.6094379124341
5.08202529018293
4.51085950651685
2.39789527279837
-0.510825623765991
2.23001440015921
3.74242022104197
4.70772677431318
4.3267781604434
4.3907385752759
2.77258872223978
3.71357206670431
3.76120011569356
3.9740583963476
2.63905732961526
2.32238772029023
1.82454929205105
3.46573590279973
1.28093384546206
0.832909122935104
3.93182563272433
5.6937321388027
5.29831736654804
5.29831736654804
1.64865862558738
3.36729582998647
4.27666611901606
5.04985600724954
0.78845736036427
0
3.07269331469012
1.06471073699243
4.21508617991823
-0.22314355131421
3.73766961828337
3.91202300542815
3.87120101090789
3.93182563272433
4.00733318523247
2.15176220325946
4.07753744390572
3.17805383034795
0.832909122935104
0.470003629245736
0.916290731874155
3.91202300542815
1.09861228866811
0.470003629245736
1.77495235091167
0.182321556793955
2.70805020110221
2.83321334405622
2.29253475714054
0.336472236621213
4.07753744390572
3.3322045101752
5.99146454710798
3.13549421592915
4.27666611901606
3.85014760171006
2.484906649788
4.26267987704132
2.70805020110221
3.20680324363393
1.25276296849537
4.18965474202643
3.61091791264422
4.12713438504509
4.14313472639153
3.09104245335832
3.61091791264422
2.00148000021012
1.30833281965018
2.39789527279837
4.60517018598809
-0.105360515657826
3.97029191355212
0.955511445027436
1.1314021114911
1.30833281965018
2.39789527279837
2.77258872223978
-0.356674943938732
-0.105360515657826
2.77258872223978
3.40119738166216
3.71357206670431
3.85014760171006
2.39789527279837
-0.916290731874155
1.58923520511658
3.17805383034795
3.17805383034795
4.20469261939097
1.30833281965018
2.94443897916644
5.58724865840025
0.262364264467491
5.99146454710798
2.79728133483015
1.54756250871601
4.04305126783455
4.02535169073515
3.25809653802148
0.262364264467491
3.52636052461616
3.25809653802148
1.09861228866811
4.02535169073515
2.04122032885964
2.23001440015921
4.18661983833127
1.94591014905531
2.4423470353692
1.45861502269952
3.61091791264422
3.53514535417189
0.693147180559945
1.97408102602201
0
0.53062825106217
0
3.29953372788566
2.484906649788
2.99573227355399
3.36729582998647
4.29045944114839
2.16332302566054
0.693147180559945
3.17805383034795
-0.916290731874155
3.04452243772342
4.79579054559674
4.39444915467244
3.54673968695281
2.63905732961526
4.46820433091493
2.04122032885964
1.3609765531356
0.470003629245736
2.39789527279837
4.07753744390572
1.97408102602201
0.587786664902119
2.484906649788
-0.510825623765991
3.04452243772342
5.99146454710798
5.99146454710798
3.85014760171006
1.68639895357023
2.484906649788
1.06471073699243
1.09861228866811
2.07944154167984
0.405465108108164
2.21920348405499
4.86753445045558
4.02535169073515
2.484906649788
0.262364264467491
0.405465108108164
0.78845736036427
3.09104245335832
0.182321556793955
-0.22314355131421
3.52636052461616
1.25276296849537
4.00733318523247
2.94443897916644
3.04452243772342
1.38629436111989
3.54673968695281
1.22377543162212
2.40694510831829
0.693147180559945
0.832909122935104
4.80155899999348
4.57677071146639
2.18605127673809
3.04452243772342
2.39789527279837
2.76000994003292
3.39785848039664
2.81540871942271
3.20274644293832
2.92316158071916
2.71469474382088
0.470003629245736
4.14313472639153
3.3178157727231
3.37073817417745
4.00733318523247
4.12713438504509
3.52636052461616
1.22377543162212
4.58496747867057
0
0.693147180559945
0.693147180559945
3.76120011569356
2.07944154167984
1.94591014905531
3.91202300542815
2.07944154167984
3.29583686600433
2.39789527279837
2.56494935746154
2.63905732961526
4.17438726989564
2.89037175789616
4.34380542185368
1.94591014905531
2.70805020110221
2.94443897916644
2.83321334405622
2.30258509299405
2.07944154167984
3.04452243772342
2.83321334405622
2.56494935746154
3.55534806148941
2.56494935746154
3.71357206670431
3.95124371858143
3.61091791264422
4.66343909411207
2.99573227355399
5.99146454710798
4.61512051684126
1.6094379124341
2.2082744135228
3.95124371858143
1.33500106673234
0.336472236621213
0.587786664902119
0.0953101798043249
3.52636052461616
-0.356674943938732
3.29583686600433
2.484906649788
0.587786664902119
3.52636052461616
2.56494935746154
2.56494935746154
-0.105360515657826
1.22377543162212
0.336472236621213
2.83321334405622
-0.356674943938732
4.62497281328427
1.3609765531356
1.41098697371026
2.82137888640921
1.85629799036563
1.30833281965018
3.13549421592915
3.31054301339402
3.5055573969864
3.61091791264422
3.90801498403061
2.87919845729804
2.00148000021012
3.51154543883102
3.40452517175483
2.14006616349627
4.00186370942794
0.470003629245736
2.84490938381941
1.97408102602201
0.832909122935104
5.32300997913841
2.484906649788
0.336472236621213
1.85629799036563
4.57471097850338
4.55387689160054
4.02535169073515
3.80666248977032
3.98898404656427
0.0953101798043249
0.0953101798043249
-0.356674943938732
0.182321556793955
-0.22314355131421
5.07767069543241
4.30406509320417
4.82028156560504
4.04305126783455
4.69134788222914
5.14400000616368
3.4904285153901
4.94235645334296
5.3890717298165
5.99146454710798
3.85014760171006
4.20469261939097
5.99146454710798
4.30406509320417
4.9416424226093
5.99146454710798
4.30406509320417
4.56434819146784
0.182321556793955
-0.22314355131421
3.76120011569356
4.24849524204936
-0.693147180559945
3.43398720448515
-0.356674943938732
0.262364264467491
0.405465108108164
0.336472236621213
1.90210752639692
3.13549421592915
3.66356164612965
3.43398720448515
0.405465108108164
3.13549421592915
2.484906649788
2.99573227355399
1.94591014905531
3.68887945411394
2.94443897916644
3.80666248977032
4.35670882668959
4.51085950651685
1.48160454092422
1.80828877117927
3.29583686600433
0.641853886172395
4.06044301054642
0.405465108108164
3.76120011569356
1.1314021114911
4.66343909411207
4.87519732320115
3.13549421592915
4.93447393313069
0.53062825106217
3.55534806148941
4.91265488573605
2.15176220325946
2.89037175789616
2.68102152871429
-0.22314355131421
0.53062825106217
1.79175946922805
0.832909122935104
3.76120011569356
1.94591014905531
0
2.89037175789616
0.53062825106217
0.405465108108164
0.832909122935104
-0.693147180559945
-0.22314355131421
0.405465108108164
-0.356674943938732
0.336472236621213
-0.105360515657826
0.182321556793955
0.916290731874155
0.405465108108164
-1.6094379124341
0.587786664902119
-0.105360515657826
-0.105360515657826
-0.510825623765991
0.0953101798043249
-0.693147180559945
0.182321556793955
-0.916290731874155
0.262364264467491
0.955511445027436
0.336472236621213
-0.22314355131421
-0.510825623765991
0
-0.105360515657826
-0.22314355131421
0.916290731874155
0.993251773010283
0.693147180559945
1.16315080980568
0.336472236621213
0.336472236621213
0
0.262364264467491
0.993251773010283
0.641853886172395
-0.356674943938732
4.0943445622221
0.993251773010283
0.53062825106217
-0.693147180559945
1.96009478404727
3.20680324363393
0.78845736036427
1.28093384546206
1.82454929205105
2.4423470353692
1.09861228866811
0.832909122935104
1.62924053973028
2.09186406167839
2.54944517092557
2.50143595173921
-0.916290731874155
0.336472236621213
0.8754687373539
0
-1.6094379124341
0.0953101798043249
-1.20397280432594
0
-2.30258509299405
0.262364264467491
-1.20397280432594
0
-2.30258509299405
0.336472236621213
-1.6094379124341
2.02814824729229
1.41098697371026
1.28093384546206
3.40452517175483
0.336472236621213
0.0953101798043249
1.56861591791385
1.79175946922805
3.40119738166216
3.88362353090645
4.96703165661412
0.262364264467491
1.22377543162212
1.06471073699243
1.41098697371026
0.955511445027436
1.19392246847243
0.8754687373539
1.62924053973028
2.10413415427021
2.55722731136763
2.50143595173921
-0.916290731874155
0.336472236621213
0.916290731874155
0.262364264467491
1.16315080980568
4.4188406077966
5.44673737166631
0.182321556793955
0.0953101798043249
3.2188758248682
1.75785791755237
4.45434729625351
2.04122032885964
-0.22314355131421
0.182321556793955
4.18965474202643
2.00148000021012
2.70805020110221
0
0.0953101798043249
4.27666611901606
3.43398720448515
0.262364264467491
-0.105360515657826
0.405465108108164
4.95582705760126
1.79175946922805
2.484906649788
4.02535169073515
-0.22314355131421
3.8286413964891
-0.22314355131421
-1.20397280432594
0
4.51085950651685
4.9416424226093
3.13549421592915
3.55534806148941
-0.510825623765991
2.56494935746154
4.40671924726425
2.63905732961526
4.07753744390572
1.52605630349505
3.41114771251532
0.916290731874155
0.0953101798043249
3.85014760171006
0.405465108108164
0.336472236621213
3.6609942506244
3.04452243772342
1.50407739677627
0.587786664902119
0.262364264467491
2.91235066461494
0.955511445027436
1.75785791755237
-0.105360515657826
-0.22314355131421
2.70805020110221
2.29253475714054
3.04452243772342
3.97029191355212
1.22377543162212
0.693147180559945
4.48863636973214
4.07753744390572
0.8754687373539
-0.693147180559945
0
-0.510825623765991
-0.356674943938732
2.91235066461494
0
3.14845336057165
3.39450839351136
0.916290731874155
3.77505715035499
3.80666248977032
1.41098697371026
4.02535169073515
1.80828877117927
2.86789890204411
2.72785282839839
4.07243972683405
4.30811095172371
5.97964497030264
4.96842344528695
5.99146454710798
5.99146454710798
5.99146454710798
5.99146454710798
5.99146454710798
5.99146454710798
5.6021188208797
4.15731936138349
5.99146454710798
5.99146454710798
1.09861228866811
1.09861228866811
0.587786664902119
1.45861502269952
0.832909122935104
2.14006616349627
3.42751468997953
2.63905732961526
2.12823170584927
4.62399194022868
4.91705694713669
2.05412373369555
3.32503602069659
3.44680789291421
5.99146454710798
1.09861228866811
4.33990170837321
1.25276296849537
0.470003629245736
0.262364264467491
-0.105360515657826
0
-0.693147180559945
1.7404661748405
0.405465108108164
0.832909122935104
0.336472236621213
3.63758615972639
4.20469261939097
0.470003629245736
4.47733681447821
4.14313472639153
0.916290731874155
3.43720781918519
4.75359019110636
3.29583686600433
0.262364264467491
2.56494935746154
1.87180217690159
0.405465108108164
0.470003629245736
4.12713438504509
3.17805383034795
3.58351893845611
5.16478597392351
4.72738781871234
0.262364264467491
1.19392246847243
0.8754687373539
-0.356674943938732
0.78845736036427
4.07753744390572
-0.916290731874155
0.0953101798043249
-0.105360515657826
4.52178857704904
1.54756250871601
-0.510825623765991
3.85014760171006
-0.105360515657826
-0.105360515657826
-0.356674943938732
-0.22314355131421
-0.22314355131421
0
0.641853886172395
0.0953101798043249
0.0953101798043249
-0.105360515657826
-0.916290731874155
0.587786664902119
5.99146454710798
-0.22314355131421
1.48160454092422
1.09861228866811
-0.356674943938732
0.405465108108164
3.76120011569356
2.07944154167984
0
3.36729582998647
3.98898404656427
4.43081679884331
0.641853886172395
3.43398720448515
4.77068462446567
0
-0.22314355131421
0.0953101798043249
-0.22314355131421
0.641853886172395
1.06471073699243
0
-0.356674943938732
-0.105360515657826
-0.22314355131421
-0.356674943938732
-1.20397280432594
0.0953101798043249
-0.693147180559945
0.587786664902119
-0.105360515657826
-0.693147180559945
-1.20397280432594
-0.693147180559945
0.741937344729377
0.405465108108164
0.336472236621213
-0.916290731874155
0.470003629245736
-1.20397280432594
-0.916290731874155
-0.105360515657826
-0.356674943938732
0.470003629245736
0.53062825106217
0
0.0953101798043249
-0.22314355131421
0.587786664902119
-0.916290731874155
0.0953101798043249
-0.510825623765991
-0.22314355131421
-0.510825623765991
-0.22314355131421
-0.22314355131421
-0.510825623765991
-0.105360515657826
-0.105360515657826
0.182321556793955
-0.356674943938732
-0.693147180559945
0
-0.22314355131421
-0.22314355131421
-0.510825623765991
-0.693147180559945
-0.105360515657826
-0.22314355131421
0.262364264467491
-0.916290731874155
-0.22314355131421
-0.22314355131421
-0.105360515657826
-0.22314355131421
0.0953101798043249
-0.105360515657826
2.63905732961526
0.53062825106217
3.91202300542815
4.40671924726425
1.87180217690159
1.58923520511658
0.262364264467491
2.30258509299405
2.484906649788
2.30258509299405
-0.105360515657826
2.89037175789616
2.70805020110221
0.470003629245736
3.73766961828337
4.21950770517611
2.484906649788
1.64865862558738
1.28093384546206
3.43398720448515
3.68887945411394
4.27666611901606
2.09186406167839
3.49650756146648
3.29583686600433
3.43398720448515
5.14749447681345
3.7864597824528
3.72810016726722
3.41772668361337
5.05497110791631
5.18178355029209
2.70805020110221
3.46573590279973
2.39789527279837
3.36729582998647
3.63758615972639
4.21950770517611
1.93152141160321
4.18965474202643
3.13549421592915
2.56494935746154
4.48863636973214
0.470003629245736
0.336472236621213
1.85629799036563
-0.510825623765991
0
0
-0.105360515657826
0.336472236621213
3.68887945411394
3.46573590279973
4.7361984483945
2.94443897916644
1.70474809223843
3.78418963391826
0.405465108108164
3.93182563272433
3.46573590279973
1.22377543162212
0.262364264467491
3.29583686600433
-0.693147180559945
-0.693147180559945
3.17805383034795
4.29045944114839
3.55534806148941
-0.916290731874155
0.182321556793955
0.0953101798043249
2.70805020110221
-0.510825623765991
-0.693147180559945
0.0953101798043249
0
2.24070968927596
-0.356674943938732
5.42934562895444
-0.916290731874155
2.83321334405622
2.63905732961526
-0.693147180559945
0.916290731874155
1.75785791755237
0.741937344729377
0
-0.916290731874155
5.59098698051086
0
-0.510825623765991
0.336472236621213
0.53062825106217
2.95491027903374
-0.510825623765991
2.00148000021012
0.832909122935104
0.641853886172395
2.19722457733622
0.587786664902119
0.470003629245736
-0.693147180559945
1.90210752639692
2.14006616349627
1.25276296849537
0.53062825106217
4.02535169073515
0.470003629245736
4.70048036579242
5.07517381523383
0.470003629245736
3.3322045101752
0.470003629245736
4.51085950651685
3.71357206670431
4.85203026391962
4.20469261939097
2.83321334405622
3.04452243772342
2.39789527279837
-0.510825623765991
4.39444915467244
-0.356674943938732
0.0953101798043249
4.51085950651685
3.98898404656427
3.98898404656427
2.70805020110221
-0.356674943938732
0.0953101798043249
-1.20397280432594
0.336472236621213
-0.693147180559945
-0.356674943938732
0.336472236621213
-0.356674943938732
4.06044301054642
1.30833281965018
1.88706964903238
3.87120101090789
0.405465108108164
2.63905732961526
3.87120101090789
3.40119738166216
2.24070968927596
2.11625551480255
