3.94352167248752
5.29831736654804
3.71357206670431
3.58351893845611
5.13697421613927
5.99146454710798
4.13035499974513
-0.693147180559945
4.69134788222914
4.65205377188694
5.17501915020354
4.80155899999348
4.47733681447821
3.58351893845611
4.23410650459726
5.24702407216049
4.12713438504509
4.32413265625498
2.15176220325946
2.68784749378469
0.53062825106217
0
4.27666611901606
3.13549421592915
5.29831736654804
4.39444915467244
1.19392246847243
3.71357206670431
1.90210752639692
5.99146454710798
0.587786664902119
0
4.30541553230204
-0.510825623765991
5.17048399503815
-0.105360515657826
3.36729582998647
5.99146454710798
4.43081679884331
5.99146454710798
3.98898404656427
2.14006616349627
4.07753744390572
3.29583686600433
1.30833281965018
-0.22314355131421
1.85629799036563
5.7037824746562
0.470003629245736
0.182321556793955
0.587786664902119
0.182321556793955
4.17438726989564
4.34380542185368
4.14313472639153
-0.105360515657826
5.7037824746562
3.80666248977032
4.24849524204936
5.99146454710798
4.29045944114839
4.23410650459726
3.2188758248682
4.43081679884331
2.99573227355399
3.86702563949741
1.43508452528932
4.06044301054642
4.4188406077966
2.89037175789616
5.01727983681492
1.77495235091167
4.62497281328427
2.83321334405622
1.1314021114911
-0.510825623765991
4.49980967033027
0.0953101798043249
3.76120011569356
2.19722457733622
2.00148000021012
0.470003629245736
0.741937344729377
3.58351893845611
-0.22314355131421
-0.693147180559945
3.80666248977032
4.12713438504509
4.4188406077966
0.262364264467491
4.00733318523247
-0.510825623765991
2.99573227355399
2.30258509299405
4.27666611901606
5.63478960316925
2.14006616349627
1.70474809223843
5.99146454710798
-0.22314355131421
2.83321334405622
3.19867311755068
1.48160454092422
5.99146454710798
5.23110861685459
2.70805020110221
0.0953101798043249
3.78418963391826
4.24849524204936
0.641853886172395
4.60517018598809
2.72129542785223
1.43508452528932
4.85203026391962
3.09557760852371
2.07944154167984
4.84418708645859
2.21920348405499
-0.510825623765991
0.78845736036427
3.85227300102237
0.262364264467491
4.14313472639153
4.06044301054642
0.587786664902119
3.73766961828337
0.262364264467491
-0.356674943938732
-1.20397280432594
1.7404661748405
0.693147180559945
5.29831736654804
4.34380542185368
-1.20397280432594
1.41098697371026
2.26176309847379
2.10413415427021
0.262364264467491
2.77258872223978
0.832909122935104
3.13549421592915
0.470003629245736
0.587786664902119
-1.20397280432594
3.46573590279973
3.61091791264422
5.99146454710798
4.55387689160054
0.741937344729377
2.94443897916644
0.955511445027436
0.470003629245736
1.48160454092422
-0.105360515657826
1.22377543162212
4.45434729625351
5.01063529409626
-0.105360515657826
0.0953101798043249
-0.105360515657826
0
3.93182563272433
0.262364264467491
-0.693147180559945
1.70474809223843
1.19392246847243
4.39444915467244
3.29583686600433
1.80828877117927
2.4932054526027
4.60517018598809
1.77495235091167
-0.105360515657826
0.741937344729377
0.587786664902119
5.31419071570433
5.31713912078862
0.53062825106217
0.405465108108164
0.182321556793955
1.19392246847243
0.336472236621213
0.587786664902119
1.19392246847243
0.641853886172395
0.405465108108164
2.09186406167839
1.82454929205105
-0.510825623765991
0.0953101798043249
3.68887945411394
2.99573227355399
3.36729582998647
1.38629436111989
2.12823170584927
-0.105360515657826
1.66770682055808
1.94591014905531
0
1.94591014905531
1.6094379124341
0.693147180559945
3.68887945411394
1.38629436111989
4.06044301054642
2.70805020110221
2.30258509299405
1.09861228866811
4.53259949315326
0.693147180559945
2.484906649788
3.49650756146648
3.68887945411394
3.49650756146648
3.61091791264422
2.89037175789616
2.83321334405622
2.39789527279837
0.693147180559945
4.44265125649032
3.93182563272433
3.52636052461616
4.14313472639153
4.34380542185368
2.83321334405622
4.65396035015752
3.98898404656427
4.49980967033027
2.63905732961526
1.3609765531356
1.7404661748405
2.07944154167984
0.0953101798043249
-0.105360515657826
-0.105360515657826
4.06044301054642
-0.22314355131421
4.06044301054642
3.46573590279973
0.53062825106217
3.09104245335832
3.58351893845611
1.62924053973028
-0.22314355131421
0.587786664902119
-0.22314355131421
4.95582705760126
-0.22314355131421
4.65396035015752
0.336472236621213
4.62399194022868
2.4932054526027
3.11794990627824
2.9704144655697
3.28091121578765
1.50407739677627
2.78501124223834
3.51749783735832
3.07269331469012
1.6094379124341
5.56413719214268
3.98898404656427
0.0953101798043249
2.39789527279837
2.94443897916644
3.71357206670431
5.29831736654804
1.77495235091167
0.741937344729377
-0.105360515657826
-0.22314355131421
-0.510825623765991
-0.105360515657826
-0.693147180559945
2.10413415427021
1.38629436111989
1.28093384546206
1.22377543162212
1.54756250871601
1.7404661748405
0.741937344729377
2.32238772029023
2.83321334405622
3.55534806148941
0.916290731874155
1.1314021114911
3.43398720448515
1.19392246847243
3.29583686600433
5.61677109766657
4.29045944114839
4.78749174278205
-0.22314355131421
-0.356674943938732
1.48160454092422
5.52146091786225
-0.693147180559945
3.46573590279973
-0.916290731874155
0.182321556793955
0.0953101798043249
0.262364264467491
3.40119738166216
3.87120101090789
4.34380542185368
4.68213122712422
-0.105360515657826
3.73766961828337
3.71357206670431
4.44265125649032
4.35670882668959
4.36944785246702
3.80666248977032
1.68639895357023
5.36691015801365
3.98898404656427
1.1314021114911
3.80666248977032
3.3322045101752
0.405465108108164
4.69134788222914
0.0953101798043249
4.36944785246702
1.25276296849537
5.15848042136024
4.85981240436167
3.87120101090789
4.63472898822964
0.0953101798043249
5.17275414357269
5.28167972539501
4.65396035015752
2.83321334405622
-0.510825623765991
-0.22314355131421
-0.356674943938732
2.94443897916644
0.470003629245736
5.17614973257383
1.06471073699243
-0.693147180559945
-0.510825623765991
0
0.182321556793955
0.336472236621213
-0.510825623765991
-0.22314355131421
0.78845736036427
0.0953101798043249
0.405465108108164
0.0953101798043249
0.0953101798043249
1.09861228866811
0.262364264467491
-1.20397280432594
-0.105360515657826
-0.693147180559945
-0.22314355131421
-0.22314355131421
-0.693147180559945
-0.510825623765991
-0.105360515657826
-0.693147180559945
0.262364264467491
0.832909122935104
-0.693147180559945
0
-0.22314355131421
-0.105360515657826
0
0.336472236621213
1.02961941718116
0.832909122935104
0.587786664902119
1.09861228866811
-0.105360515657826
0.0953101798043249
-0.22314355131421
1.28093384546206
1.02961941718116
0.641853886172395
-1.20397280432594
0.405465108108164
0.405465108108164
-0.105360515657826
-0.916290731874155
-0.916290731874155
0
2.77881927199042
3.10906095886099
2.484906649788
2.42480272571829
1.48160454092422
-1.20397280432594
-0.356674943938732
-0.22314355131421
0.262364264467491
0.262364264467491
-0.916290731874155
0.182321556793955
0.53062825106217
0
-2.30258509299405
-0.693147180559945
-1.6094379124341
0
-2.30258509299405
-0.356674943938732
-1.6094379124341
0
-1.20397280432594
0.693147180559945
-1.6094379124341
0.0953101798043249
1.38629436111989
1.64865862558738
1.87180217690159
1.28093384546206
1.6094379124341
-0.916290731874155
-0.22314355131421
-0.105360515657826
0.336472236621213
0.262364264467491
-0.693147180559945
0.262364264467491
0.53062825106217
-0.22314355131421
0.182321556793955
0.262364264467491
2.56494935746154
0.182321556793955
0.0953101798043249
-0.510825623765991
0.8754687373539
2.28238238567653
-0.22314355131421
-1.6094379124341
0.0953101798043249
1.28093384546206
0.470003629245736
2.56494935746154
-2.30258509299405
-0.356674943938732
1.02961941718116
-0.105360515657826
-0.22314355131421
-1.6094379124341
0
-0.22314355131421
-2.30258509299405
-0.356674943938732
2.94443897916644
-0.510825623765991
0.0953101798043249
-0.105360515657826
-2.30258509299405
-0.693147180559945
1.45861502269952
2.30258509299405
2.10413415427021
2.02814824729229
-0.510825623765991
-1.20397280432594
0.587786664902119
-0.510825623765991
2.29253475714054
0
3.04452243772342
0.336472236621213
-0.105360515657826
0.336472236621213
0.53062825106217
0.262364264467491
0
4.11414718951828
2.80336038090653
0.336472236621213
-0.105360515657826
2.484906649788
0.470003629245736
2.63905732961526
-0.22314355131421
-0.356674943938732
4.14313472639153
2.99573227355399
1.62924053973028
0.741937344729377
1.22377543162212
0.405465108108164
4.9416424226093
4.40671924726425
0.641853886172395
-0.916290731874155
0.405465108108164
-0.510825623765991
-0.510825623765991
3.81330703248899
-0.356674943938732
-0.510825623765991
3.60277675506052
2.67414864942653
4.29728540621879
-0.105360515657826
2.02814824729229
2.23001440015921
4.11903717481247
3.88567903008854
0.470003629245736
2.15176220325946
2.30258509299405
2.2082744135228
3.07269331469012
4.09100566095659
5.99146454710798
4.43675153436313
4.33073334028633
3.74004774068834
3.9926809084456
3.43398720448515
3.51749783735832
4.94946885885877
4.45667017766965
1.58923520511658
1.97408102602201
1.54756250871601
1.02961941718116
1.52605630349505
1.6094379124341
4.53152364581979
3.5055573969864
3.10906095886099
4.43675153436313
5.61677109766657
2.53369681395743
3.32503602069659
0.53062825106217
2.47653840011748
1.98787434815435
4.72738781871234
1.75785791755237
0
0
-0.356674943938732
0
-0.693147180559945
1.09861228866811
0.262364264467491
0.182321556793955
-0.22314355131421
0.182321556793955
5.99146454710798
5.07517381523383
0.405465108108164
2.21920348405499
4.56434819146784
2.16332302566054
5.99146454710798
4.46590811865458
5.18178355029209
-0.510825623765991
3.71357206670431
2.484906649788
0.182321556793955
0.0953101798043249
5.4380793089232
3.17805383034795
3.68887945411394
5.99146454710798
5.99146454710798
-0.22314355131421
0.405465108108164
0.405465108108164
-0.693147180559945
0.0953101798043249
4.54329478227
-1.20397280432594
0.0953101798043249
-0.356674943938732
4.31748811353631
2.89037175789616
-0.510825623765991
3.8286413964891
-0.510825623765991
-0.356674943938732
-0.356674943938732
-0.510825623765991
-0.22314355131421
-0.105360515657826
0.53062825106217
0.262364264467491
0.182321556793955
0.182321556793955
-1.20397280432594
0.587786664902119
5.99146454710798
-0.510825623765991
0.741937344729377
0.470003629245736
-0.510825623765991
-0.22314355131421
5.99146454710798
4.40671924726425
0
5.99146454710798
4.77068462446567
4.68213122712422
0.0953101798043249
5.08759633523238
0.993251773010283
-0.510825623765991
-0.510825623765991
-0.510825623765991
-0.356674943938732
0.0953101798043249
0.741937344729377
-0.916290731874155
-0.693147180559945
-0.356674943938732
-0.693147180559945
-0.693147180559945
-1.6094379124341
-0.356674943938732
-0.916290731874155
0.470003629245736
-0.105360515657826
-0.510825623765991
-1.6094379124341
-1.20397280432594
0.0953101798043249
-0.22314355131421
0.0953101798043249
-1.6094379124341
0
-0.916290731874155
-0.916290731874155
-0.356674943938732
-0.510825623765991
-0.105360515657826
0.0953101798043249
-0.693147180559945
-0.510825623765991
-1.20397280432594
-0.105360515657826
-0.916290731874155
-0.693147180559945
-0.693147180559945
-0.105360515657826
-0.510825623765991
-0.105360515657826
-0.105360515657826
-0.356674943938732
-0.916290731874155
-0.22314355131421
0
-0.510825623765991
-1.6094379124341
-0.22314355131421
-0.356674943938732
-1.20397280432594
-0.916290731874155
-0.693147180559945
-0.693147180559945
-0.22314355131421
-0.510825623765991
-0.916290731874155
-0.105360515657826
-0.356674943938732
-0.356674943938732
-0.510825623765991
-0.105360515657826
-0.22314355131421
2.29253475714054
0.336472236621213
4.93447393313069
5.23644196282995
4.20469261939097
3.36729582998647
0.470003629245736
3.8286413964891
3.55534806148941
4.04305126783455
-0.22314355131421
4.39444915467244
5.08759633523238
1.56861591791385
2.77258872223978
3.36729582998647
3.80666248977032
4.00733318523247
3.40119738166216
2.21920348405499
4.75359019110636
-0.510825623765991
3.89182029811063
3.09104245335832
0.693147180559945
0.0953101798043249
3.40119738166216
-0.510825623765991
0.0953101798043249
-0.22314355131421
-0.356674943938732
-0.22314355131421
3.93182563272433
5.99146454710798
5.99146454710798
4.9416424226093
1.6094379124341
5.48063892334199
-0.105360515657826
5.99146454710798
3.78418963391826
2.39789527279837
0
3.91202300542815
-0.693147180559945
-0.510825623765991
3.55534806148941
4.35670882668959
2.56494935746154
-0.510825623765991
0
-0.22314355131421
0.693147180559945
-0.510825623765991
-0.693147180559945
2.28238238567653
-0.356674943938732
3.55534806148941
-0.916290731874155
4.98360662170834
-0.693147180559945
4.30406509320417
3.93182563272433
-0.916290731874155
2.29253475714054
2.89037175789616
1.56861591791385
0
-1.20397280432594
5.20290718174338
-0.22314355131421
-1.20397280432594
-0.22314355131421
-0.22314355131421
3.42751468997953
-0.693147180559945
2.69462718077007
1.87180217690159
0.182321556793955
4.08597631255158
2.04122032885964
0.182321556793955
1.22377543162212
3.5234150143864
1.43508452528932
1.66770682055808
0
3.58351893845611
2.01490302054226
5.24702407216049
5.7037824746562
2.39789527279837
5.99146454710798
2.89037175789616
2.89037175789616
-1.6094379124341
5.7037824746562
-0.916290731874155
-0.356674943938732
3.95124371858143
4.36944785246702
4.36944785246702
2.94443897916644
-0.693147180559945
0.470003629245736
-1.20397280432594
-0.105360515657826
-0.693147180559945
-0.356674943938732
-0.22314355131421
-0.510825623765991
4.62497281328427
2.484906649788
3.58351893845611
4.80402104473326
-0.105360515657826
3.49650756146648
3.52636052461616
4.40671924726425
3.2188758248682
1.87180217690159
