3.63230910262554
5.04985600724954
4.98086313576259
2.56494935746154
4.60517018598809
5.99146454710798
5.99146454710798
-0.356674943938732
4.30406509320417
3.71357206670431
2.45100509811232
3.48124008933569
3.74004774068834
3.49650756146648
4.17438726989564
0.78845736036427
3.50254987592244
3.52636052461616
5.99146454710798
0.0953101798043249
2.82731362192903
0.262364264467491
0
5.82894561761021
4.26267987704132
5.66988092298052
5.29831736654804
1.33500106673234
5.0998664278242
3.8286413964891
5.99146454710798
0.0953101798043249
-0.22314355131421
2.21920348405499
-0.510825623765991
5.34089781408315
0.0953101798043249
4.88280192258637
2.24070968927596
4.86753445045558
5.21493575760899
4.44265125649032
1.22377543162212
5.77455154554441
4.29045944114839
0.405465108108164
-0.105360515657826
0.641853886172395
2.24070968927596
0
-0.22314355131421
0.0953101798043249
-0.356674943938732
2.99573227355399
3.63758615972639
3.17805383034795
-0.105360515657826
5.99146454710798
4.99043258677874
5.99146454710798
1.85629799036563
3.29583686600433
1.25276296849537
0.78845736036427
0.993251773010283
4.40671924726425
4.65205377188694
-0.105360515657826
3.71357206670431
2.00148000021012
3.49650756146648
4.04305126783455
1.22377543162212
2.06686275947298
0.405465108108164
0.916290731874155
-0.916290731874155
4.06044301054642
-0.22314355131421
4.12713438504509
0.182321556793955
-0.693147180559945
0.182321556793955
0.0953101798043249
-0.105360515657826
-0.22314355131421
-0.356674943938732
2.89037175789616
3.09104245335832
2.30258509299405
0.832909122935104
0.693147180559945
-0.105360515657826
3.25809653802148
1.16315080980568
4.89034912822175
3.2188758248682
-0.510825623765991
1.33500106673234
4.52178857704904
-0.356674943938732
3.97029191355212
3.16968558067743
0.641853886172395
5.99146454710798
5.72358510195238
2.99573227355399
0.182321556793955
4.24849524204936
2.56494935746154
-0.510825623765991
0.405465108108164
1.87180217690159
0.955511445027436
2.50959926237837
0
-0.105360515657826
-1.20397280432594
1.6094379124341
1.28093384546206
0
1.06471073699243
-0.105360515657826
0
0
1.54756250871601
-0.105360515657826
3.2188758248682
1.50407739677627
0.993251773010283
0.741937344729377
-0.22314355131421
-0.22314355131421
-0.916290731874155
2.39789527279837
2.70805020110221
3.87120101090789
2.18605127673809
-1.20397280432594
2.46809953147162
0.641853886172395
-0.356674943938732
-0.105360515657826
-0.22314355131421
0.916290731874155
0.470003629245736
-0.105360515657826
0.741937344729377
-1.6094379124341
1.52605630349505
4.46590811865458
5.99146454710798
0.405465108108164
0.182321556793955
0.741937344729377
0.405465108108164
0.0953101798043249
0.53062825106217
-0.22314355131421
1.3609765531356
5.99146454710798
0.693147180559945
0
0
-0.356674943938732
0.0953101798043249
1.58923520511658
-0.356674943938732
-0.510825623765991
1.77495235091167
0.262364264467491
3.71357206670431
3.04452243772342
2.83321334405622
1.1314021114911
4.51085950651685
-0.22314355131421
-0.916290731874155
0.182321556793955
-0.105360515657826
3.37073817417745
3.6163087612791
-0.356674943938732
-1.6094379124341
0.405465108108164
0.182321556793955
0.587786664902119
0.336472236621213
0.182321556793955
0.587786664902119
0.693147180559945
-1.20397280432594
2.18605127673809
-0.916290731874155
0.0953101798043249
4.52178857704904
4.47733681447821
4.04305126783455
-0.105360515657826
2.77258872223978
0
-0.510825623765991
0
-0.510825623765991
1.38629436111989
1.09861228866811
0.693147180559945
0.693147180559945
1.09861228866811
1.09861228866811
1.38629436111989
1.38629436111989
1.09861228866811
1.38629436111989
1.09861228866811
0
1.38629436111989
1.38629436111989
1.09861228866811
1.38629436111989
2.39789527279837
3.13549421592915
2.39789527279837
0
2.19722457733622
2.19722457733622
4.40671924726425
3.91202300542815
2.63905732961526
3.49650756146648
3.43398720448515
4.77068462446567
3.68887945411394
0
0.916290731874155
2.99573227355399
-0.916290731874155
0.182321556793955
-0.22314355131421
-0.510825623765991
1.09861228866811
-0.105360515657826
2.02814824729229
2.30258509299405
0.0953101798043249
4.0943445622221
1.3609765531356
0.53062825106217
-0.356674943938732
0.262364264467491
-0.356674943938732
4.36944785246702
-0.693147180559945
5.2257466737132
0.405465108108164
-1.20397280432594
0.336472236621213
-0.356674943938732
-0.356674943938732
0.405465108108164
1.56861591791385
1.56861591791385
1.33500106673234
1.48160454092422
1.97408102602201
0.641853886172395
0.405465108108164
3.47815842279828
3.39450839351136
-0.916290731874155
1.22377543162212
-0.510825623765991
-0.22314355131421
-0.105360515657826
0.587786664902119
3.95124371858143
2.70805020110221
0.0953101798043249
0.53062825106217
3.52636052461616
4.89783979995091
2.39789527279837
0.955511445027436
0.470003629245736
0
-0.105360515657826
-0.356674943938732
-0.22314355131421
-0.510825623765991
2.26176309847379
1.96009478404727
1.48160454092422
2.23001440015921
1.80828877117927
3.64021428213266
1.30833281965018
3.04452243772342
3.17805383034795
4.27666611901606
1.6094379124341
1.3609765531356
3.80666248977032
1.64865862558738
3.8286413964891
5.66988092298052
1.7404661748405
0.8754687373539
-0.693147180559945
-0.510825623765991
1.90210752639692
4.07753744390572
-0.916290731874155
1.38629436111989
-0.356674943938732
0.405465108108164
0
-0.22314355131421
-0.916290731874155
1.54756250871601
1.77495235091167
1.77495235091167
-0.693147180559945
4.96284463025991
1.50407739677627
2.24070968927596
2.63905732961526
2.00148000021012
0.587786664902119
2.30258509299405
5.03043792139244
4.39444915467244
-0.105360515657826
0.262364264467491
3.13549421592915
0.0953101798043249
5.04342511691925
-0.105360515657826
1.96009478404727
0.182321556793955
5.10594547390058
5.99146454710798
3.17805383034795
5.99146454710798
-0.356674943938732
3.2188758248682
4.18965474202643
2.89037175789616
2.99573227355399
0.8754687373539
-0.22314355131421
-0.22314355131421
0.262364264467491
0.182321556793955
3.61091791264422
0.336472236621213
-0.916290731874155
0.0953101798043249
-0.105360515657826
0.470003629245736
-0.510825623765991
-0.693147180559945
-0.356674943938732
0.53062825106217
-0.356674943938732
0.0953101798043249
-0.693147180559945
-0.22314355131421
0.262364264467491
-0.510825623765991
-0.693147180559945
-0.510825623765991
-0.356674943938732
-0.693147180559945
-0.693147180559945
-1.20397280432594
-0.916290731874155
-0.22314355131421
-2.30258509299405
-0.356674943938732
0.0953101798043249
-1.20397280432594
0.182321556793955
-0.105360515657826
-0.356674943938732
-0.105360515657826
-0.105360515657826
0.262364264467491
0.182321556793955
0.182321556793955
0.955511445027436
-0.693147180559945
-0.22314355131421
-0.510825623765991
0.182321556793955
0
0.0953101798043249
-0.916290731874155
0.693147180559945
0.0953101798043249
-0.22314355131421
-0.693147180559945
-0.693147180559945
-0.105360515657826
0
0.53062825106217
2.19722457733622
1.58923520511658
2.55722731136763
-0.916290731874155
0.336472236621213
0.0953101798043249
0.182321556793955
0.336472236621213
-1.20397280432594
0
0.182321556793955
3.20680324363393
0.262364264467491
0.587786664902119
-0.916290731874155
0.0953101798043249
-0.510825623765991
2.07944154167984
1.7404661748405
3.23474917402449
4.5152454784601
5.85793315448346
0.262364264467491
1.30833281965018
0.262364264467491
0.693147180559945
0.993251773010283
0.336472236621213
-0.693147180559945
0.336472236621213
0.182321556793955
0.182321556793955
0.405465108108164
-0.916290731874155
0
0.182321556793955
-0.510825623765991
-0.22314355131421
0.8754687373539
3.49650756146648
-0.356674943938732
-0.105360515657826
-0.693147180559945
-0.22314355131421
4.70953020131233
0.262364264467491
-0.693147180559945
-0.356674943938732
2.484906649788
0
1.25276296849537
-1.20397280432594
-0.693147180559945
1.93152141160321
0.0953101798043249
-0.22314355131421
-1.20397280432594
-0.356674943938732
-0.510825623765991
3.17805383034795
-0.356674943938732
0.693147180559945
-0.510825623765991
-2.30258509299405
-0.916290731874155
1.7227665977411
3.04452243772342
0.741937344729377
1.75785791755237
-0.693147180559945
-1.20397280432594
0.993251773010283
-0.693147180559945
2.89037175789616
-0.22314355131421
3.41114771251532
0
-0.510825623765991
0.405465108108164
-0.105360515657826
0.0953101798043249
-0.105360515657826
1.33500106673234
-0.356674943938732
0.182321556793955
0
2.89037175789616
0.405465108108164
0.470003629245736
-0.356674943938732
-0.510825623765991
1.41098697371026
3.49650756146648
2.12823170584927
0.955511445027436
1.30833281965018
-0.22314355131421
4.07753744390572
1.82454929205105
0.182321556793955
-0.510825623765991
-0.22314355131421
-0.693147180559945
0
2.81540871942271
-0.22314355131421
-1.20397280432594
1.96009478404727
0.182321556793955
3.06339092202781
0.832909122935104
-0.916290731874155
2.78501124223834
3.03974915897077
3.8649313978943
1.80828877117927
2.64617479738412
4.02356438016105
4.52178857704904
3.19458313229916
5.99146454710798
4.92143971529178
4.94591897937656
5.89880086224456
5.48521178518713
5.54595838946263
4.65396035015752
3.17805383034795
5.99146454710798
5.58161484068199
1.3609765531356
0.693147180559945
1.02961941718116
0.587786664902119
0.641853886172395
1.25276296849537
3.41444260841218
2.66025953726586
1.50407739677627
3.7635229971097
5.08944647452055
1.58923520511658
1.16315080980568
0.182321556793955
2.60268968544438
1.70474809223843
5.19849703126583
-0.105360515657826
-0.105360515657826
-0.22314355131421
-0.510825623765991
-0.356674943938732
-0.22314355131421
0.8754687373539
0.182321556793955
0
-0.356674943938732
2.70805020110221
3.09104245335832
0.262364264467491
3.68887945411394
5.3890717298165
-0.510825623765991
3.25809653802148
5.62762111369064
3.98898404656427
-0.693147180559945
5.10594547390058
-0.693147180559945
0.182321556793955
-0.22314355131421
3.68887945411394
2.70805020110221
3.2188758248682
4.43081679884331
5.99146454710798
-0.693147180559945
0
0.0953101798043249
-0.693147180559945
0.0953101798043249
4.60517018598809
-1.20397280432594
0.0953101798043249
-0.105360515657826
5.99146454710798
-0.105360515657826
0
4.20469261939097
-0.22314355131421
-0.105360515657826
-0.510825623765991
-0.510825623765991
-0.356674943938732
-0.22314355131421
0
0
-0.22314355131421
-0.105360515657826
-0.510825623765991
0
5.99146454710798
-0.510825623765991
0.587786664902119
0.0953101798043249
-0.105360515657826
-0.356674943938732
2.23001440015921
1.87180217690159
-0.510825623765991
2.30258509299405
2.30258509299405
5.05624580534831
-0.22314355131421
1.87180217690159
1.84054963339749
-0.693147180559945
-0.510825623765991
-0.693147180559945
-0.693147180559945
-0.356674943938732
0.53062825106217
-1.20397280432594
-1.20397280432594
-0.356674943938732
-0.693147180559945
-0.510825623765991
-1.20397280432594
-0.22314355131421
-0.916290731874155
0.336472236621213
-0.356674943938732
-0.693147180559945
-1.6094379124341
-0.916290731874155
-0.105360515657826
-0.356674943938732
-0.356674943938732
-1.20397280432594
-0.510825623765991
-0.916290731874155
-1.6094379124341
-0.356674943938732
-0.693147180559945
-0.510825623765991
-0.22314355131421
-0.693147180559945
-0.356674943938732
-1.6094379124341
-0.22314355131421
-1.20397280432594
-0.356674943938732
-0.693147180559945
-0.510825623765991
-0.693147180559945
-0.916290731874155
-0.510825623765991
-0.510825623765991
-1.6094379124341
-0.693147180559945
-0.22314355131421
-0.916290731874155
-1.20397280432594
-0.356674943938732
-0.356674943938732
-1.20397280432594
-1.20397280432594
-0.916290731874155
-1.20397280432594
0
-0.693147180559945
-1.20397280432594
-0.916290731874155
-0.693147180559945
-0.693147180559945
-0.693147180559945
-0.510825623765991
-0.693147180559945
1.1314021114911
-0.22314355131421
2.02814824729229
4.53259949315326
1.02961941718116
-0.105360515657826
-1.20397280432594
0.262364264467491
0.53062825106217
0.78845736036427
-0.22314355131421
0.955511445027436
2.89037175789616
0
1.79175946922805
5.99146454710798
3.29583686600433
1.16315080980568
0.53062825106217
4.44265125649032
4.66343909411207
5.26269018890489
0.405465108108164
4.8283137373023
3.85014760171006
4.11087386417331
5.99146454710798
1.22377543162212
1.30833281965018
0.0953101798043249
0.587786664902119
3.36729582998647
4.48863636973214
0.587786664902119
4.23410650459726
0.0953101798043249
1.6094379124341
4.00733318523247
0.405465108108164
-0.356674943938732
0.955511445027436
-0.693147180559945
-0.22314355131421
-0.356674943938732
-0.105360515657826
-0.356674943938732
3.17805383034795
2.39789527279837
4.07753744390572
2.89037175789616
1.16315080980568
4.58496747867057
0.0953101798043249
2.39789527279837
2.70805020110221
-0.510825623765991
-0.510825623765991
1.93152141160321
-0.693147180559945
-0.356674943938732
1.3609765531356
5.0998664278242
3.25809653802148
-0.510825623765991
-0.510825623765991
0
0.993251773010283
-0.693147180559945
-0.916290731874155
0.182321556793955
-0.356674943938732
0.832909122935104
-0.356674943938732
5.92958914338989
-0.693147180559945
0.916290731874155
0.336472236621213
-0.916290731874155
-0.916290731874155
-1.20397280432594
-1.6094379124341
-0.510825623765991
-1.6094379124341
4.14313472639153
-0.510825623765991
-0.510825623765991
-0.105360515657826
-0.105360515657826
-2.30258509299405
-0.916290731874155
-1.6094379124341
-0.510825623765991
-0.105360515657826
0.587786664902119
-0.356674943938732
0
-0.916290731874155
0.262364264467491
1.16315080980568
-0.693147180559945
-0.105360515657826
2.484906649788
-0.916290731874155
5.99146454710798
5.99146454710798
-0.510825623765991
4.46590811865458
-0.22314355131421
5.99146454710798
5.29831736654804
5.99146454710798
5.99146454710798
3.13549421592915
2.89037175789616
0.262364264467491
-0.693147180559945
4.34380542185368
-0.510825623765991
-0.22314355131421
5.7037824746562
4.15888308335967
4.15888308335967
1.06471073699243
-1.20397280432594
-0.22314355131421
-1.20397280432594
-0.693147180559945
-0.510825623765991
-0.510825623765991
-0.22314355131421
-0.356674943938732
2.89037175789616
-0.105360515657826
-0.105360515657826
4.53259949315326
0.0953101798043249
3.09104245335832
4.18965474202643
4.18965474202643
0.336472236621213
0.470003629245736
