2.21920348405499
4.31748811353631
3.63758615972639
2.30258509299405
2.2512917986065
3.61091791264422
0
3.61091791264422
5.88610403145016
4.56434819146784
0.587786664902119
3.46573590279973
2.99573227355399
3.04452243772342
3.63758615972639
4.49980967033027
2.70805020110221
-0.356674943938732
0.182321556793955
0.587786664902119
3.63758615972639
-0.105360515657826
1.96009478404727
4.35670882668959
3.36729582998647
4.36944785246702
1.7227665977411
4.04305126783455
1.84054963339749
2.77258872223978
1.02961941718116
4.12713438504509
1.02961941718116
0.693147180559945
2.89037175789616
0
2.2082744135228
0.53062825106217
-0.22314355131421
2.94443897916644
5.56068163101553
0.78845736036427
3.09104245335832
1.22377543162212
4.21950770517611
2.39789527279837
0.0953101798043249
2.70805020110221
3.25809653802148
2.70805020110221
3.29583686600433
1.1314021114911
0.78845736036427
1.98787434815435
1.88706964903238
3.98898404656427
1.43508452528932
-0.510825623765991
1.50407739677627
0.832909122935104
0.8754687373539
2.484906649788
3.52636052461616
4.94875989037817
2.00148000021012
0.832909122935104
0.405465108108164
0.336472236621213
0.182321556793955
5.13579843705026
0.78845736036427
1.80828877117927
-0.105360515657826
0.182321556793955
2.63905732961526
0.916290731874155
1.68639895357023
0.955511445027436
3.40119738166216
3.04452243772342
0.641853886172395
1.56861591791385
-0.356674943938732
-0.510825623765991
-0.510825623765991
0.693147180559945
0.693147180559945
1.09861228866811
1.09861228866811
1.09861228866811
1.38629436111989
1.38629436111989
1.38629436111989
1.6094379124341
1.6094379124341
1.6094379124341
1.6094379124341
1.79175946922805
1.79175946922805
1.79175946922805
2.07944154167984
2.19722457733622
2.30258509299405
2.484906649788
2.63905732961526
2.63905732961526
2.77258872223978
3.09104245335832
3.29583686600433
3.36729582998647
3.40119738166216
3.55534806148941
3.71357206670431
4.40671924726425
0.693147180559945
0.993251773010283
1.77495235091167
0.182321556793955
0.182321556793955
1.33500106673234
-0.510825623765991
2.94443897916644
2.63905732961526
0.336472236621213
2.30258509299405
0.832909122935104
-0.22314355131421
-0.105360515657826
2.56494935746154
-0.510825623765991
2.30258509299405
0.0953101798043249
1.70474809223843
4.20469261939097
-0.105360515657826
-0.356674943938732
1.70474809223843
2.77258872223978
0.641853886172395
0.262364264467491
0
0.0953101798043249
0
1.68639895357023
0.8754687373539
2.30258509299405
0
0.693147180559945
0.693147180559945
1.79175946922805
0
1.09861228866811
-0.105360515657826
1.79175946922805
-0.356674943938732
0.405465108108164
1.41098697371026
3.89182029811063
0.0953101798043249
-0.105360515657826
0.641853886172395
1.06471073699243
4.94875989037817
1.79175946922805
2.06686275947298
-0.22314355131421
3.43398720448515
0.993251773010283
1.33500106673234
2.29253475714054
-0.510825623765991
2.484906649788
0.405465108108164
-0.22314355131421
2.17475172148416
-0.356674943938732
2.02814824729229
3.09104245335832
-0.356674943938732
3.09104245335832
-0.356674943938732
0.832909122935104
-0.356674943938732
1.64865862558738
-0.510825623765991
1.38629436111989
2.63905732961526
0.741937344729377
1.93152141160321
-0.356674943938732
-0.22314355131421
2.00148000021012
0.587786664902119
1.22377543162212
0.336472236621213
-0.22314355131421
2.17475172148416
1.54756250871601
0.955511445027436
0.336472236621213
0.0953101798043249
4.17438726989564
0.405465108108164
-0.105360515657826
-0.105360515657826
2.96010509591084
-0.356674943938732
0.262364264467491
2.72129542785223
0.641853886172395
3.31054301339402
0.916290731874155
0.955511445027436
2.37954613413017
2.84490938381941
-0.105360515657826
-0.356674943938732
-0.105360515657826
0.262364264467491
0.182321556793955
-0.105360515657826
0.916290731874155
3.76120011569356
0
2.12823170584927
3.71357206670431
0.405465108108164
2.39789527279837
-0.510825623765991
0.262364264467491
0.182321556793955
4.11087386417331
3.25809653802148
-0.356674943938732
3.80666248977032
0.262364264467491
-0.22314355131421
2.83321334405622
-0.510825623765991
0.262364264467491
-0.356674943938732
0.405465108108164
0.0953101798043249
0.0953101798043249
-0.105360515657826
-0.693147180559945
5.99146454710798
0.470003629245736
-0.22314355131421
2.28238238567653
1.90210752639692
1.75785791755237
1.25276296849537
2.30258509299405
-0.105360515657826
1.02961941718116
4.46590811865458
1.75785791755237
0.470003629245736
-0.916290731874155
-0.22314355131421
0.470003629245736
1.06471073699243
-0.356674943938732
1.64865862558738
3.93182563272433
2.30258509299405
3.2188758248682
-0.510825623765991
-0.510825623765991
4.70048036579242
-0.510825623765991
0
-0.105360515657826
2.77258872223978
3.97029191355212
5.23110861685459
1.1314021114911
3.3322045101752
-0.356674943938732
4.24849524204936
-0.105360515657826
-0.693147180559945
-0.22314355131421
-0.105360515657826
1.19392246847243
0.955511445027436
0.262364264467491
3.13549421592915
0.0953101798043249
4.78749174278205
5.99146454710798
0.741937344729377
3.97029191355212
0.641853886172395
5.99146454710798
3.46573590279973
4.71849887129509
4.06044301054642
1.16315080980568
1.91692261218206
1.98787434815435
1.41098697371026
4.0943445622221
-0.510825623765991
0
3.46573590279973
4.14313472639153
4.14313472639153
2.30258509299405
-0.693147180559945
0.262364264467491
-1.20397280432594
-0.510825623765991
-0.916290731874155
-0.105360515657826
0.182321556793955
-0.356674943938732
2.56494935746154
1.1314021114911
5.33753807970132
3.36729582998647
-0.22314355131421
2.09186406167839
3.40119738166216
3.63758615972639
-0.22314355131421
4.33073334028633
