5.29831736654804
1.66770682055808
5.99146454710798
-0.693147180559945
4.49980967033027
3.66356164612965
3.89792408104864
3.55534806148941
2.39789527279837
3.68887945411394
3.22684399451738
3.61091791264422
-0.22314355131421
2.70805020110221
2.77258872223978
5.75574221358691
3.29583686600433
0.0953101798043249
3.46573590279973
2.39789527279837
-0.356674943938732
-0.693147180559945
4.30000279919529
1.80828877117927
4.44265125649032
5.99146454710798
2.01490302054226
3.40119738166216
1.77495235091167
1.38629436111989
-0.356674943938732
0.955511445027436
4.44265125649032
0.182321556793955
-0.22314355131421
0.262364264467491
-0.22314355131421
3.25809653802148
3.04452243772342
2.56494935746154
0
4.57471097850338
3.52636052461616
2.484906649788
5.99146454710798
2.99573227355399
3.49650756146648
2.39789527279837
3.78418963391826
3.09104245335832
2.05412373369555
0.405465108108164
4.17438726989564
3.2188758248682
1.84054963339749
3.46573590279973
1.09861228866811
2.99573227355399
2.30258509299405
-0.105360515657826
-0.356674943938732
3.17805383034795
0
2.83321334405622
0.182321556793955
0.0953101798043249
1.38629436111989
4.71849887129509
-0.510825623765991
-0.916290731874155
2.70805020110221
4.31748811353631
3.61091791264422
-0.105360515657826
4.78749174278205
-0.356674943938732
2.30258509299405
3.3322045101752
3.93182563272433
1.16315080980568
5.99146454710798
-0.356674943938732
1.96009478404727
1.66770682055808
1.06471073699243
5.99146454710798
3.3322045101752
1.48160454092422
0
1.97408102602201
2.63905732961526
3.52636052461616
-0.22314355131421
3.55534806148941
2.56494935746154
-0.105360515657826
2.56494935746154
-1.20397280432594
-0.693147180559945
-1.20397280432594
2.12823170584927
0.8754687373539
4.71849887129509
3.51154543883102
-0.916290731874155
0.993251773010283
2.39789527279837
3.97029191355212
-0.356674943938732
2.16332302566054
0.336472236621213
1.84054963339749
0.336472236621213
0.336472236621213
2.39789527279837
2.06686275947298
5.99146454710798
3.8286413964891
-1.20397280432594
3.40119738166216
0
0.336472236621213
-0.105360515657826
-0.356674943938732
0.78845736036427
4.27666611901606
5.48063892334199
-0.356674943938732
-0.356674943938732
0.0953101798043249
-0.22314355131421
1.85629799036563
3.76120011569356
3.66356164612965
1.02961941718116
3.58351893845611
3.04452243772342
2.484906649788
1.54756250871601
0.955511445027436
-0.105360515657826
1.54756250871601
1.06471073699243
3.13549421592915
0.182321556793955
-0.22314355131421
-0.510825623765991
3.2188758248682
-0.510825623765991
3.55534806148941
2.39789527279837
0.336472236621213
2.39789527279837
0.470003629245736
-0.916290731874155
-0.356674943938732
2.99573227355399
-0.510825623765991
3.01062088604774
1.64865862558738
0.916290731874155
2.24070968927596
4.36564315542336
-0.356674943938732
3.83514196109219
3.20274644293832
0.832909122935104
1.02961941718116
4.59511985013459
2.83321334405622
0
0.955511445027436
1.48160454092422
4.04305126783455
1.45861502269952
0
-0.105360515657826
4.18965474202643
4.20469261939097
-0.510825623765991
-0.510825623765991
1.30833281965018
4.0943445622221
-1.20397280432594
2.63905732961526
-0.693147180559945
-0.22314355131421
-0.105360515657826
0.0953101798043249
1.43508452528932
2.77258872223978
2.89037175789616
3.71357206670431
-0.693147180559945
3.04452243772342
2.09186406167839
3.97029191355212
2.56494935746154
3.93182563272433
2.83321334405622
0.641853886172395
4.68213122712422
3.61091791264422
0.53062825106217
1.94591014905531
1.80828877117927
-0.22314355131421
3.66356164612965
-0.22314355131421
3.49650756146648
0.262364264467491
5.22035582507832
3.52636052461616
1.43508452528932
4.18965474202643
-0.356674943938732
5.52942908751142
4.68213122712422
2.39789527279837
1.45861502269952
-0.105360515657826
-0.356674943938732
1.50407739677627
0.262364264467491
3.61091791264422
0
-0.916290731874155
-0.693147180559945
-0.22314355131421
0.0953101798043249
0.182321556793955
1.66770682055808
0.832909122935104
-0.22314355131421
1.28093384546206
-0.22314355131421
0.8754687373539
1.33500106673234
2.89591193827178
3.10458667846607
4.61214579972452
0.470003629245736
2.04122032885964
2.94443897916644
3.43398720448515
1.82454929205105
2.70805020110221
-0.22314355131421
-0.510825623765991
0.0953101798043249
1.02961941718116
-0.356674943938732
-0.356674943938732
2.83321334405622
2.00148000021012
0.262364264467491
0
0
0
4.31748811353631
4.02535169073515
0.405465108108164
-0.916290731874155
-0.105360515657826
-0.510825623765991
-0.22314355131421
2.29253475714054
-0.510825623765991
-0.510825623765991
2.31253542384721
1.45861502269952
2.58021682959233
0.182321556793955
0.336472236621213
2.01490302054226
2.3887627892351
1.84054963339749
-0.916290731874155
0.470003629245736
1.1314021114911
3.8458832029236
1.97408102602201
4.34380542185368
2.43361335540045
2.62466859216316
2.19722457733622
1.79175946922805
2.63188884013665
4.81624115606803
4.54754107315146
0.641853886172395
3.62434093297637
0.336472236621213
0.641853886172395
0.693147180559945
3.36384159511839
4.38452351487247
4.36944785246702
2.2512917986065
4.59814557105113
4.63181211693451
-0.356674943938732
-0.356674943938732
-0.356674943938732
-0.356674943938732
-0.356674943938732
0.262364264467491
0.182321556793955
0.0953101798043249
-0.356674943938732
-0.356674943938732
3.80666248977032
3.87120101090789
0.0953101798043249
0.587786664902119
4.68213122712422
1.02961941718116
5.03043792139244
3.52636052461616
3.04452243772342
-0.693147180559945
1.82454929205105
3.98898404656427
0.0953101798043249
-0.22314355131421
3.78418963391826
2.83321334405622
3.25809653802148
5.99146454710798
4.80402104473326
-0.22314355131421
0.0953101798043249
0.182321556793955
-0.510825623765991
-0.105360515657826
3.3322045101752
-1.20397280432594
0
-0.356674943938732
3.40119738166216
2.56494935746154
-0.356674943938732
2.83321334405622
-0.356674943938732
-0.22314355131421
-0.510825623765991
-0.356674943938732
-0.356674943938732
0.262364264467491
0.0953101798043249
0.0953101798043249
-0.22314355131421
-1.20397280432594
0.405465108108164
5.29330482472449
-0.356674943938732
0
0.0953101798043249
-0.22314355131421
-0.510825623765991
5.36129216570943
3.71357206670431
-0.356674943938732
3.87120101090789
3.87120101090789
4.57471097850338
-0.356674943938732
4.26267987704132
0.832909122935104
-0.693147180559945
-0.693147180559945
-0.510825623765991
-0.356674943938732
-0.105360515657826
0.405465108108164
-1.6094379124341
-1.6094379124341
0.916290731874155
-0.105360515657826
5.3890717298165
4.29045944114839
4.4188406077966
3.68887945411394
1.22377543162212
4.45434729625351
4.35670882668959
2.99573227355399
-0.356674943938732
4.64439089914137
5.4510384535657
2.09186406167839
0.182321556793955
4.24849524204936
2.14006616349627
2.99573227355399
2.56494935746154
3.76120011569356
2.83321334405622
3.3322045101752
2.83321334405622
3.85014760171006
3.09104245335832
4.0943445622221
4.86753445045558
3.66612246699132
4.34769395559338
4.47049528266149
4.45898767581001
4.52720864451838
-0.916290731874155
3.2188758248682
2.07944154167984
0.262364264467491
-0.510825623765991
2.56494935746154
-0.693147180559945
-0.105360515657826
-0.356674943938732
-0.22314355131421
-0.510825623765991
3.85014760171006
5.28826703069454
4.93447393313069
4.60517018598809
0.182321556793955
3.95124371858143
-0.916290731874155
5.72358510195238
4.20469261939097
1.87180217690159
0
3.29583686600433
-0.693147180559945
-0.510825623765991
3.25809653802148
3.40119738166216
1.82454929205105
-1.20397280432594
-0.22314355131421
-0.510825623765991
0.470003629245736
-0.693147180559945
-0.916290731874155
1.75785791755237
-0.693147180559945
2.484906649788
-0.693147180559945
4.46590811865458
-1.20397280432594
4.68213122712422
3.29583686600433
-0.916290731874155
1.58923520511658
3.61091791264422
0.993251773010283
-0.356674943938732
-1.20397280432594
5.35185813347607
0
-0.916290731874155
-0.510825623765991
-0.356674943938732
1.75785791755237
-0.693147180559945
1.50407739677627
1.19392246847243
-0.105360515657826
1.06471073699243
0.53062825106217
0
0.182321556793955
2.61006979274201
0.587786664902119
0.641853886172395
-0.22314355131421
1.66770682055808
0.470003629245736
4.59511985013459
4.78749174278205
0.78845736036427
4.86753445045558
0.78845736036427
5.99146454710798
3.85014760171006
4.27666611901606
4.75359019110636
1.45861502269952
1.41098697371026
1.58923520511658
-1.20397280432594
4.70048036579242
-0.916290731874155
-0.105360515657826
2.14006616349627
3.55534806148941
3.55534806148941
1.91692261218206
-1.20397280432594
0
-1.6094379124341
-0.22314355131421
-0.693147180559945
-0.510825623765991
0
-0.356674943938732
4.20469261939097
1.06471073699243
2.01490302054226
3.63758615972639
-0.916290731874155
2.11625551480255
2.63905732961526
3.52636052461616
5.34710753071747
1.28093384546206
